10	256.8431
10.58	238.2975
11.16	262.937
11.74	223.3119
12.32	244.4639
12.9	254.0337
13.48	266.325
14.06	242.8878
14.64	247.6238
15.22	255.3563
15.8	291.2978
16.38	280.3525
16.96	292.0153
17.54	322.8435
18.12	300.3318
18.7	248.9764
19.28	331.0544
19.86	292.6875
20.44	301.9849
21.02	278.7064
21.6	301.6256
22.18	334.1445
22.76	362.6341
23.34	325.2531
23.92	332.8286
24.5	341.157
25.08	339.1032
25.66	307.0864
26.24	363.4317
26.82	317.8241
27.4	352.6123
27.98	341.5736
28.56	298.3591
29.14	335.8947
29.72	329.9223
30.3	348.614
30.88	358.8346
31.46	359.8475
32.04	349.6783
32.62	383.4084
33.2	412.3804
33.78	371.9355
34.36	369.3557
34.94	371.1572
35.52	363.8395
36.1	367.771
36.68	329.6162
37.26	372.7314
37.84	316.3382
38.42	391.0006
39	358.6359
39.58	370.496
40.16	396.2078
40.74	379.9236
41.32	378.9573
41.9	407.6379
42.48	429.0114
43.06	420.3435
43.64	385.8437
44.22	400.2348
44.8	385.6417
45.38	403.0356
45.96	369.0876
46.54	387.4698
47.12	424.6559
47.7	401.3488
48.28	391.0563
48.86	411.4981
49.44	402.1041
50.02	413.2873
50.6	416.0527
51.18	371.4182
51.76	399.9051
52.34	407.3747
52.92	420.7742
53.5	388.8541
54.08	421.6939
54.66	394.7191
55.24	411.9593
55.82	386.5448
56.4	419.8626
56.98	420.5245
57.56	435.8858
58.14	382.0992
58.72	420.8468
59.3	399.415
59.88	413.2215
60.46	412.152
61.04	457.7112
61.62	391.4462
62.2	435.5724
62.78	456.4601
63.36	449.7899
63.94	418.3948
64.52	455.2963
65.1	401.5269
65.68	425.5909
66.26	441.5939
66.84	457.6417
67.42	420.9533
68	433.7962
68.58	446.2581
69.16	420.4679
69.74	439.0692
70.32	439.6489
70.9	478.0988
71.48	425.017
72.06	475.6172
72.64	406.8764
73.22	455.2215
73.8	422.3222
74.38	437.3939
74.96	428.4015
75.54	447.1919
76.12	432.3015
76.7	480.6259
77.28	460.5398
77.86	456.2546
78.44	455.9212
79.02	452.1619
79.6	456.7491
80.18	472.0706
80.76	453.5826
81.34	457.6599
81.92	464.5433
82.5	451.14
83.08	453.9954
83.66	474.2637
84.24	444.8801
84.82	470.8141
85.4	425.0696
85.98	503.1889
86.56	450.4684
87.14	469.6969
87.72	491.8662
88.3	482.5643
88.88	469.4583
89.46	426.0033
90.04	447.1572
90.62	458.857
91.2	468.288
91.78	478.2752
92.36	487.3247
92.94	503.5882
93.52	476.4526
94.1	455.9686
94.68	424.899
95.26	478.3267
95.84	489.9472
96.42	446.3
97	496.9299
97.58	474.203
98.16	468.0769
98.74	505.5594
99.32	473.5806
99.9	458.8059
100.48	494.9736
101.06	477.8625
101.64	493.3665
102.22	472.6836
102.8	501.2151
103.38	456.4131
103.96	459.8825
104.54	509.8397
105.12	455.5614
105.7	478.8807
106.28	484.0334
106.86	499.144
107.44	438.5216
108.02	484.2269
108.6	469.3678
109.18	512.5163
109.76	450.7299
110.34	466.5625
110.92	496.0576
111.5	471.0562
112.08	495.8811
112.66	457.7661
113.24	491.2251
113.82	480.35
114.4	476.0237
114.98	486.4103
115.56	502.0135
116.14	485.791
116.72	483.1638
117.3	472.1071
117.88	518.7762
118.46	453.7998
119.04	481.7796
119.62	464.2213
120.2	490.8396
120.78	481.8997
121.36	509.0418
121.94	506.3433
122.52	483.7912
123.1	501.6781
123.68	518.097
124.26	488.5417
124.84	492.4651
125.42	521.0368
126	479.0009
126.58	431.0844
127.16	494.9795
127.74	531.2918
128.32	485.7553
128.9	494.2914
129.48	500.7439
130.06	482.3001
130.64	507.8642
131.22	491.7307
131.8	507.2931
132.38	501.8097
132.96	493.0463
133.54	436.9146
134.12	504.5871
134.7	478.925
135.28	509.8928
135.86	496.1443
136.44	486.0561
137.02	491.1189
137.6	493.2982
138.18	509.9844
138.76	498.6417
139.34	491.4964
139.92	532.4585
140.5	504.1526
141.08	495.7895
141.66	524.4141
142.24	545.3513
142.82	524.4289
143.4	521.4668
143.98	524.782
144.56	506.1614
145.14	550.9461
145.72	514.0081
146.3	522.4725
146.88	523.2655
147.46	514.0764
148.04	482.3087
148.62	529.7408
149.2	496.4619
149.78	523.6879
150.36	514.9751
150.94	519.7314
151.52	514.1239
152.1	558.179
152.68	520.2549
153.26	528.5755
153.84	514.5699
154.42	537.0087
155	506.636
155.58	536.2397
156.16	529.9712
156.74	482.5667
157.32	545.5466
157.9	508.3195
158.48	519.6872
159.06	524.339
159.64	524.8383
160.22	528.7216
160.8	543.5408
161.38	499.1371
161.96	480.6768
162.54	520.4434
163.12	539.044
163.7	524.1803
164.28	514.0308
164.86	497.6741
165.44	534.6351
166.02	531.0033
166.6	522.4037
167.18	532.0054
167.76	515.553
168.34	521.0338
168.92	531.9304
169.5	547.1268
170.08	473.8183
170.66	493.582
171.24	488.2395
171.82	515.5518
172.4	514.4686
172.98	512.6262
173.56	522.9185
174.14	518.3819
174.72	538.7755
175.3	533.2223
175.88	497.6242
176.46	540.6145
177.04	536.5619
177.62	495.6327
178.2	551.1331
178.78	498.4971
179.36	541.816
179.94	543.0544
180.52	511.9666
181.1	549.3965
181.68	526.6024
182.26	502.3838
182.84	488.4235
183.42	546.4215
184	565.1144
184.58	527.8401
185.16	543.8366
185.74	531.6255
186.32	558.4004
186.9	527.2111
187.48	563.8767
188.06	579.9683
188.64	537.132
189.22	536.727
189.8	538.1005
190.38	540.0238
190.96	521.4831
191.54	518.7493
192.12	556.5855
192.7	510.5243
193.28	574.0213
193.86	536.5143
194.44	539.0133
195.02	565.799
195.6	514.5625
196.18	525.7548
196.76	546.4005
197.34	520.1638
197.92	576.444
198.5	559.6508
199.08	481.3538
199.66	569.0501
200.24	530.078
200.82	535.4173
201.4	503.5039
201.98	553.9558
202.56	520.5023
203.14	530.7394
203.72	516.3737
204.3	547.7248
204.88	521.0135
205.46	532.0306
206.04	532.6383
206.62	557.9595
207.2	527.3471
207.78	556.7987
208.36	527.5285
208.94	557.56
209.52	543.5004
210.1	553.8961
210.68	539.3894
211.26	546.9556
211.84	552.0405
212.42	524.3582
213	504.8288
213.58	524.8969
214.16	579.9624
214.74	539.4574
215.32	567.8879
215.9	574.3601
216.48	527.0576
217.06	534.8933
217.64	557.3197
218.22	565.6647
218.8	540.2858
219.38	523.6604
219.96	536.335
220.54	564.8142
221.12	555.57
221.7	521.8498
222.28	570.7775
222.86	574.1279
223.44	547.9327
224.02	559.8012
224.6	528.8313
225.18	522.7981
225.76	554.4093
226.34	596.1334
226.92	584.2769
227.5	517.129
228.08	562.7594
228.66	542.3529
229.24	550.4603
229.82	528.578
230.4	574.0875
230.98	572.1071
231.56	535.6369
232.14	533.6899
232.72	538.1951
233.3	540.4272
233.88	564.1835
234.46	556.1868
235.04	568.843
235.62	544.9536
236.2	557.1585
236.78	538.6476
237.36	560.9435
237.94	555.3769
238.52	554.7233
239.1	573.1945
239.68	518.127
240.26	575.4968
240.84	558.7358
241.42	556.2734
242	547.3861
242.58	552.3946
243.16	573.7175
243.74	561.5131
244.32	605.9157
244.9	555.6465
245.48	564.4025
246.06	570.5911
246.64	567.9761
247.22	537.7238
247.8	581.1456
248.38	564.1836
248.96	537.8911
249.54	582.4161
250.12	571.033
250.7	588.9493
251.28	540.6675
251.86	577.7292
252.44	553.3039
253.02	592.1132
253.6	586.798
254.18	555.5241
254.76	590.3305
255.34	572.3099
255.92	559.7325
256.5	579.2419
257.08	588.0488
257.66	595.3076
258.24	572.8569
258.82	543.1489
259.4	547.2631
259.98	551.0667
260.56	544.2368
261.14	564.8335
261.72	581.1993
262.3	556.1072
262.88	569.826
263.46	576.8931
264.04	551.3769
264.62	548.7352
265.2	594.666
265.78	546.0895
266.36	613.7625
266.94	585.5361
267.52	547.2199
268.1	592.9687
268.68	592.1826
269.26	561.9191
269.84	570.1332
270.42	562.821
271	547.1477
271.58	584.9347
272.16	593.0279
272.74	578.0572
273.32	559.2444
273.9	566.7356
274.48	554.1373
275.06	592.938
275.64	587.3701
276.22	598.2047
276.8	563.2955
277.38	579.2303
277.96	594.1171
278.54	605.1078
279.12	606.6193
279.7	582.234
280.28	557.6599
280.86	599.8174
281.44	583.0741
282.02	588.158
282.6	555.006
283.18	551.858
283.76	611.4837
284.34	581.4019
284.92	559.8911
285.5	543.3088
286.08	589.2939
286.66	570.3289
287.24	553.0837
287.82	539.8246
288.4	520.7129
288.98	579.0683
289.56	573.6161
290.14	610.1813
290.72	612.9763
291.3	559.6239
291.88	590.2965
292.46	585.9942
293.04	533.4245
293.62	587.4476
294.2	560.0705
294.78	587.1188
295.36	599.93
295.94	573.3689
296.52	586.7462
297.1	549.989
297.68	557.8999
298.26	569.6822
298.84	605.4263
299.42	571.3261
300	574.0278
